Space:SpaceLp: p = 2 do we have a special implementation for this p? : 1
DataFile:../sample_data/final128_10K.txt
DataFileQty:10000
QueryFile:
TestSetQty:100
RangeQty:0
KNNQty:1
QueryQty:1
3497
6866
2756
1399
376
9868
8794
6033
6254
7841
7549
5480
7481
7363
5360
1999
1043
8771
4782
7673
9706
9476
8327
7699
1326
775
6700
7632
1568
5012
8645
3080
7521
490
4682
7944
5863
6409
1083
6222
1858
4235
4446
5877
7212
5946
9156
9108
8847
9075
9144
9534
9519
260
9907
9175
1663
7613
1120
1249
4793
2528
9758
6784
9490
1570
2784
4069
6399
272
3962
6642
314
2239
2471
2011
1650
7330
5987
1419
3971
9185
1401
5412
2150
3243
6728
7507
9696
7398
915
7118
1272
3884
3677
6942
2584
5395
6843
8064
TestSetId:0
ThreadTestQty:1
Note:k=10eps=0
SeqSearchTime:493
GoldStandQty:100
